# Created by Octave 4.2.2, Wed Jun 06 11:52:56 2018 GMT <unknown@unknown>
# name: v
# type: matrix
# rows: 2
# columns: 1
 1290
 1342


